# CRT sieve file generated by cpugapminer gen_crt
n_primes 75
merit 35.00
shift 512
gap_target 18632
n_candidates 1380
# fitness_mode candidate
# candidate_weighted_score 1001.723432784
# candidate_raw_weight_sum 1001.723432784
# phase1_kernel exp(-a*|x/scale|^b)
# phase1_a 5.800000
# phase1_b 3.300000
# phase1_scale 18632.000000
# phase1_remaining 1380
# phase1_score_raw 1199.882192080
# phase1_score_mean 0.869479849
2 1
3 1
5 4
7 4
11 2
13 9
17 9
19 16
23 21
29 8
31 2
37 9
41 27
43 16
47 8
53 24
59 44
61 12
67 12
71 21
73 10
79 49
83 52
89 87
97 38
101 5
103 49
107 54
109 11
113 50
127 58
131 64
137 103
139 124
149 140
151 32
157 22
163 36
167 3
173 55
179 131
181 41
191 164
193 80
197 109
199 27
211 168
223 158
227 14
229 171
233 31
239 60
241 233
251 154
257 219
263 33
269 116
271 56
277 153
281 37
283 262
293 275
307 204
311 100
313 48
317 176
331 242
337 98
347 104
349 159
353 67
359 288
367 112
373 353
379 227
