# CRT sieve file generated by cpugapminer gen_crt
n_primes 129
merit 45.00
shift 1001
gap_target 39208
n_candidates 2527
# fitness_mode candidate
# candidate_weighted_score 1852.101220612
# candidate_raw_weight_sum 1852.101220612
# phase1_kernel exp(-a*|x/scale|^b)
# phase1_a 5.800000
# phase1_b 3.300000
# phase1_scale 39208.000000
# phase1_remaining 2527
# phase1_score_raw 2204.939237262
# phase1_score_mean 0.872552132
2 1
3 1
5 1
7 6
11 2
13 9
17 11
19 18
23 9
29 22
31 17
37 24
41 33
43 34
47 6
53 27
59 57
61 41
67 32
71 64
73 55
79 38
83 15
89 12
97 94
101 41
103 87
107 13
109 103
113 105
127 109
131 53
137 29
139 37
149 48
151 102
157 155
163 105
167 154
173 13
179 87
181 62
191 188
193 189
197 6
199 17
211 167
223 15
227 137
229 204
233 117
239 121
241 208
251 201
257 20
263 114
269 232
271 96
277 242
281 259
283 129
293 65
307 104
311 175
313 57
317 138
331 319
337 326
347 133
349 27
353 168
359 215
367 174
373 247
379 332
383 140
389 241
397 262
401 78
409 119
419 88
421 160
431 422
433 338
439 86
443 361
449 115
457 244
461 84
463 4
467 311
479 322
487 18
491 357
499 61
503 416
509 200
521 289
523 219
541 130
547 473
557 143
563 508
569 316
571 252
577 60
587 327
593 141
599 554
601 494
607 314
613 134
617 14
619 573
631 308
641 576
643 520
647 408
653 240
659 72
661 16
673 353
677 245
683 83
691 558
701 298
709 90
719 156
727 349
