# CRT sieve file generated by cpugapminer gen_crt
n_primes 75
merit 28.00
shift 512
gap_target 14906
n_candidates 1051
# fitness_mode candidate
# candidate_weighted_score 767.305245194
# candidate_raw_weight_sum 767.305245194
# phase1_kernel exp(-a*|x/scale|^b)
# phase1_a 5.800000
# phase1_b 3.300000
# phase1_scale 14906.000000
# phase1_remaining 1051
# phase1_score_raw 915.964889810
# phase1_score_mean 0.871517497
2 1
3 2
5 4
7 4
11 8
13 1
17 12
19 9
23 13
29 22
31 7
37 26
41 12
43 16
47 26
53 39
59 20
61 28
67 14
71 24
73 47
79 30
83 10
89 40
97 95
101 13
103 81
107 27
109 6
113 89
127 124
131 39
137 132
139 32
149 128
151 36
157 74
163 136
167 135
173 62
179 1
181 104
191 106
193 34
197 87
199 17
211 19
223 69
227 172
229 112
233 225
239 51
241 234
251 205
257 43
263 144
269 257
271 207
277 57
281 238
283 190
293 243
307 228
311 140
313 226
317 8
331 31
337 242
347 42
349 2
353 275
359 161
367 9
373 268
379 160
