# CRT sieve file generated by cpugapminer gen_crt
n_primes 75
merit 32.00
shift 512
gap_target 17035
n_candidates 1251
# phase1_kernel exp(-a*|x/scale|^b)
# phase1_a 5.800000
# phase1_b 3.300000
# phase1_scale 17035.000000
# phase1_remaining 1251
# phase1_score_raw 1088.930658315
# phase1_score_mean 0.870448168
2 1
3 1
5 2
7 5
11 5
13 12
17 8
19 8
23 9
29 17
31 10
37 27
41 11
43 20
47 5
53 22
59 31
61 13
67 55
71 21
73 22
79 18
83 41
89 17
97 11
101 84
103 35
107 56
109 21
113 76
127 13
131 31
137 88
139 115
149 12
151 59
157 67
163 99
167 78
173 148
179 63
181 158
191 120
193 40
197 77
199 198
211 164
223 178
227 42
229 203
233 71
239 112
241 48
251 230
257 50
263 133
269 228
271 172
277 4
281 173
283 119
293 142
307 85
311 296
313 248
317 152
331 147
337 9
347 126
349 82
353 347
359 221
367 53
373 300
379 180
