# CRT sieve file generated by cpugapminer gen_crt
n_primes 74
merit 28.00
shift 505
gap_target 14770
n_candidates 1060
# fitness_mode candidate
# candidate_weighted_score 778.595434314
# candidate_raw_weight_sum 778.595434314
# phase1_kernel exp(-a*|x/scale|^b)
# phase1_a 5.800000
# phase1_b 3.300000
# phase1_scale 14770.000000
# phase1_remaining 1060
# phase1_score_raw 919.143766832
# phase1_score_mean 0.867116761
2 1
3 1
5 1
7 4
11 1
13 12
17 11
19 16
23 12
29 7
31 18
37 4
41 30
43 11
47 10
53 18
59 41
61 2
67 24
71 58
73 20
79 33
83 33
89 4
97 91
101 25
103 101
107 63
109 50
113 36
127 113
131 40
137 14
139 57
149 34
151 97
157 153
163 70
167 77
173 16
179 146
181 74
191 96
193 28
197 89
199 23
211 49
223 123
227 7
229 178
233 66
239 137
241 83
251 64
257 165
263 15
269 134
271 86
277 219
281 127
283 81
293 144
307 143
311 59
313 17
317 250
331 301
337 187
347 21
349 63
353 236
359 320
367 255
373 249
