# CRT sieve file generated by cpugapminer gen_crt
n_primes 75
merit 23.00
shift 512
gap_target 12244
n_candidates 852
# phase1_kernel exp(-a*|x/scale|^b)
# phase1_a 5.800000
# phase1_b 3.300000
# phase1_scale 12244.000000
# phase1_remaining 852
# phase1_score_raw 763.178584998
# phase1_score_mean 0.895749513
2 1
3 2
5 2
7 1
11 2
13 3
17 11
19 9
23 7
29 7
31 3
37 8
41 18
43 40
47 42
53 13
59 48
61 56
67 52
71 54
73 71
79 58
83 60
89 40
97 96
101 29
103 26
107 72
109 88
113 102
127 4
131 56
137 22
139 31
149 75
151 94
157 36
163 100
167 63
173 104
179 11
181 32
191 114
193 154
197 22
199 118
211 124
223 221
227 108
229 228
233 54
239 51
241 101
251 33
257 109
263 79
269 208
271 92
277 135
281 236
283 10
293 195
307 6
311 240
313 95
317 126
331 122
337 293
347 307
349 13
353 151
359 198
367 202
373 71
379 70
