# CRT sieve file generated by cpugapminer gen_crt
n_primes 129
merit 35.00
shift 1001
gap_target 30496
n_candidates 1891
# fitness_mode candidate
# candidate_weighted_score 1374.359593687
# candidate_raw_weight_sum 1374.359593687
# phase1_kernel exp(-a*|x/scale|^b)
# phase1_a 5.800000
# phase1_b 3.300000
# phase1_scale 30496.000000
# phase1_remaining 1891
# phase1_score_raw 1650.408982357
# phase1_score_mean 0.872770482
2 1
3 2
5 2
7 5
11 10
13 2
17 10
19 8
23 17
29 2
31 19
37 29
41 19
43 35
47 2
53 4
59 27
61 52
67 56
71 56
73 31
79 45
83 77
89 38
97 72
101 96
103 29
107 38
109 9
113 100
127 34
131 89
137 41
139 41
149 12
151 58
157 87
163 13
167 46
173 54
179 110
181 79
191 175
193 170
197 172
199 179
211 94
223 129
227 16
229 77
233 211
239 203
241 45
251 8
257 66
263 148
269 254
271 114
277 248
281 257
283 123
293 39
307 50
311 113
313 304
317 64
331 217
337 212
347 346
349 238
353 22
359 57
367 136
373 61
379 134
383 317
389 23
397 28
401 237
409 270
419 229
421 139
431 120
433 32
439 207
443 35
449 226
457 347
461 183
463 101
467 404
479 403
487 77
491 426
499 465
503 473
509 251
521 328
523 256
541 149
547 486
557 146
563 505
569 307
571 241
577 43
587 300
593 108
599 515
601 453
607 267
613 81
617 574
619 514
631 154
641 495
643 437
647 285
653 228
659 509
661 576
673 240
677 128
683 649
691 427
701 157
709 650
719 480
727 359
