# CRT sieve file generated by cpugapminer gen_crt
n_primes 75
merit 30.00
shift 512
gap_target 15971
n_candidates 1157
# phase1_kernel exp(-a*|x/scale|^b)
# phase1_a 5.800000
# phase1_b 3.300000
# phase1_scale 15971.000000
# phase1_remaining 1157
# phase1_score_raw 1010.332432006
# phase1_score_mean 0.873234600
2 1
3 2
5 4
7 5
11 2
13 2
17 1
19 6
23 2
29 26
31 8
37 31
41 20
43 1
47 4
53 8
59 31
61 53
67 14
71 48
73 10
79 23
83 23
89 83
97 81
101 15
103 91
107 53
109 40
113 26
127 103
131 30
137 4
139 47
149 24
151 87
157 143
163 60
167 67
173 6
179 136
181 64
191 86
193 18
197 79
199 13
211 39
223 113
227 224
229 168
233 56
239 127
241 73
251 54
257 155
263 5
269 124
271 76
277 108
281 117
283 71
293 134
307 133
311 49
313 7
317 240
331 291
337 177
347 334
349 298
353 226
359 118
367 341
373 239
379 137
