# CRT sieve file generated by cpugapminer gen_crt
n_primes 75
merit 23.00
shift 512
gap_target 12244
n_candidates 842
# fitness_mode candidate
# candidate_weighted_score 615.465115200
# candidate_raw_weight_sum 615.465115200
# phase1_kernel exp(-a*|x/scale|^b)
# phase1_a 5.800000
# phase1_b 3.300000
# phase1_scale 12244.000000
# phase1_remaining 842
# phase1_score_raw 735.338621210
# phase1_score_mean 0.873323778
2 1
3 2
5 3
7 3
11 10
13 11
17 5
19 18
23 3
29 4
31 16
37 7
41 17
43 21
47 7
53 30
59 32
61 39
67 65
71 41
73 41
79 10
83 78
89 62
97 83
101 73
103 74
107 88
109 101
113 26
127 17
131 115
137 18
139 81
149 9
151 90
157 43
163 8
167 47
173 34
179 33
181 156
191 67
193 13
197 102
199 50
211 160
223 95
227 3
229 186
233 98
239 205
241 163
251 204
257 84
263 227
269 113
271 75
277 238
281 166
283 130
293 250
307 5
311 248
313 216
317 152
331 83
337 169
347 19
349 338
353 193
359 36
367 86
373 363
379 297
