# CRT sieve file generated by cpugapminer gen_crt
n_primes 129
merit 42.00
shift 1001
gap_target 36595
n_candidates 2526
# fitness_mode candidate
# candidate_weighted_score -210.000000000
# candidate_raw_weight_sum 2526.000000000
# phase1_kernel exp(-a*|x/scale|^b)
# phase1_a 5.800000
# phase1_b 3.300000
# phase1_scale 36595.000000
# phase1_remaining 2526
# phase1_score_raw 2246.864474656
# phase1_score_mean 0.889495041
2 1
3 2
5 2
7 4
11 6
13 4
17 6
19 13
23 7
29 9
31 25
37 35
41 16
43 31
47 20
53 18
59 48
61 40
67 22
71 32
73 54
79 18
83 36
89 78
97 55
101 87
103 15
107 30
109 108
113 63
127 104
131 7
137 67
139 11
149 37
151 52
157 34
163 82
167 101
173 18
179 160
181 147
191 164
193 63
197 187
199 107
211 50
223 46
227 194
229 218
233 98
239 10
241 148
251 240
257 230
263 198
269 101
271 28
277 191
281 189
283 72
293 247
307 266
311 74
313 188
317 26
331 237
337 93
347 196
349 15
353 64
359 230
367 237
373 149
379 359
383 104
389 177
397 169
401 223
409 115
419 276
421 388
431 315
433 394
439 411
443 354
449 207
457 57
461 307
463 112
467 30
479 136
487 253
491 24
499 274
503 40
509 137
521 325
523 22
541 12
547 291
557 457
563 398
569 50
571 496
577 65
587 553
593 178
599 267
601 465
607 258
613 283
617 477
619 292
631 109
641 90
643 538
647 82
653 192
659 337
661 103
673 410
677 326
683 42
691 524
701 614
709 403
719 464
727 267
