# CRT sieve file generated by cpugapminer gen_crt
n_primes 129
merit 42.00
shift 1001
gap_target 36595
n_candidates 2319
# fitness_mode candidate
# candidate_weighted_score 1687.496911864
# candidate_raw_weight_sum 1687.496911864
# phase1_kernel exp(-a*|x/scale|^b)
# phase1_a 5.800000
# phase1_b 3.300000
# phase1_scale 36595.000000
# phase1_remaining 2319
# phase1_score_raw 2018.383803929
# phase1_score_mean 0.870368178
2 1
3 2
5 2
7 5
11 1
13 12
17 1
19 3
23 2
29 8
31 10
37 10
41 33
43 16
47 23
53 39
59 6
61 38
67 20
71 66
73 70
79 37
83 72
89 8
97 92
101 52
103 56
107 5
109 55
113 90
127 82
131 89
137 106
139 84
149 94
151 120
157 89
163 118
167 115
173 69
179 71
181 22
191 28
193 5
197 168
199 159
211 189
223 140
227 226
229 46
233 152
239 102
241 171
251 74
257 96
263 142
269 212
271 60
277 158
281 143
283 280
293 146
307 87
311 130
313 311
317 51
331 134
337 99
347 183
349 65
353 182
359 193
367 104
373 141
379 190
383 357
389 39
397 12
401 205
409 206
419 125
421 27
431 399
433 305
439 23
443 278
449 2
457 91
461 372
463 284
467 108
479 59
487 202
491 34
499 197
503 33
509 296
521 337
523 259
541 98
547 417
557 47
563 388
569 172
571 100
577 461
587 111
593 494
599 290
601 222
607 18
613 427
617 295
619 229
631 464
641 144
643 80
647 599
653 413
659 227
661 165
673 16
677 346
683 166
691 617
701 396
709 95
719 524
727 300
