# CRT sieve file generated by cpugapminer gen_crt
n_primes 76
merit 22.00
shift 520
gap_target 11834
n_candidates 787
# fitness_mode candidate
# candidate_weighted_score 602.108200437
# candidate_raw_weight_sum 602.108200437
# phase1_kernel exp(-a*|x/scale|^b)
# phase1_a 5.800000
# phase1_b 3.300000
# phase1_scale 11834.000000
# phase1_remaining 787
# phase1_score_raw 687.585951041
# phase1_score_mean 0.873679734
2 1
3 1
5 3
7 5
11 3
13 7
17 13
19 11
23 2
29 15
31 16
37 35
41 22
43 39
47 16
53 14
59 3
61 49
67 15
71 22
73 4
79 77
83 34
89 59
97 24
101 87
103 76
107 66
109 67
113 81
127 2
131 80
137 90
139 6
149 33
151 106
157 35
163 139
167 166
173 135
179 116
181 52
191 114
193 54
197 131
199 73
211 147
223 46
227 169
229 119
233 19
239 108
241 60
251 71
257 190
263 58
269 195
271 32
277 27
281 224
283 184
293 277
307 11
311 246
313 210
317 138
331 217
337 115
347 268
349 156
353 196
359 267
367 339
373 179
379 159
383 30
