# CRT sieve file generated by cpugapminer gen_crt
n_primes 129
merit 45.00
shift 1001
gap_target 39208
n_candidates 2534
# fitness_mode candidate
# candidate_weighted_score 1857.109379522
# candidate_raw_weight_sum 1857.109379522
# phase1_kernel exp(-a*|x/scale|^b)
# phase1_a 5.800000
# phase1_b 3.300000
# phase1_scale 39208.000000
# phase1_remaining 2534
# phase1_score_raw 2219.423601983
# phase1_score_mean 0.875857775
2 1
3 2
5 4
7 1
11 1
13 11
17 12
19 9
23 16
29 6
31 29
37 2
41 33
43 15
47 30
53 37
59 51
61 49
67 34
71 22
73 52
79 49
83 64
89 88
97 53
101 63
103 86
107 61
109 9
113 42
127 28
131 96
137 121
139 50
149 53
151 10
157 62
163 162
167 144
173 147
179 7
181 26
191 181
193 31
197 125
199 178
211 158
223 11
227 205
229 79
233 60
239 166
241 46
251 199
257 114
263 41
269 249
271 143
277 102
281 175
283 73
293 149
307 77
311 200
313 108
317 241
331 273
337 15
347 279
349 197
353 33
359 146
367 193
373 332
379 104
383 335
389 113
397 214
401 70
409 191
419 260
421 192
431 283
433 217
439 19
443 330
449 138
457 339
461 215
463 153
467 29
479 136
487 383
491 267
499 35
503 422
509 254
521 439
523 385
541 440
547 284
557 24
563 431
569 281
571 231
577 148
587 418
593 274
599 130
601 82
607 326
613 407
617 315
619 552
631 624
641 404
643 360
647 272
653 140
659 99
661 625
673 373
677 289
683 163
691 189
701 486
709 326
719 126
727 693
