# CRT sieve file generated by cpugapminer gen_crt
n_primes 129
merit 28.00
shift 1001
gap_target 24397
n_candidates 1445
# fitness_mode candidate
# candidate_weighted_score 1051.682986241
# candidate_raw_weight_sum 1051.682986241
# phase1_kernel exp(-a*|x/scale|^b)
# phase1_a 5.800000
# phase1_b 3.300000
# phase1_scale 24397.000000
# phase1_remaining 1445
# phase1_score_raw 1259.665550408
# phase1_score_mean 0.871740865
2 1
3 2
5 2
7 1
11 9
13 9
17 12
19 5
23 10
29 17
31 5
37 1
41 29
43 10
47 34
53 6
59 19
61 44
67 19
71 21
73 52
79 28
83 9
89 41
97 44
101 61
103 33
107 1
109 106
113 13
127 67
131 88
137 96
139 63
149 107
151 100
157 103
163 142
167 21
173 114
179 64
181 113
191 36
193 105
197 58
199 137
211 62
223 59
227 74
229 199
233 228
239 167
241 69
251 81
257 56
263 43
269 42
271 225
277 244
281 76
283 275
293 158
307 212
311 60
313 297
317 149
331 293
337 83
347 80
349 12
353 23
359 31
367 134
373 315
379 129
383 5
389 208
397 365
401 249
409 17
419 146
421 90
431 241
433 187
439 25
443 360
449 204
457 453
461 353
463 303
467 203
479 184
487 190
491 94
499 401
503 309
509 171
521 416
523 372
541 507
547 391
557 510
563 427
569 546
571 538
577 31
587 138
593 450
599 497
601 459
607 345
613 231
617 18
619 117
631 248
641 340
643 304
647 306
653 124
659 16
661 148
673 514
677 369
683 638
691 131
701 37
709 87
719 368
727 533
