# CRT sieve file generated by cpugapminer gen_crt
n_primes 129
merit 24.00
shift 1001
gap_target 20911
n_candidates 1191
# fitness_mode candidate
# candidate_weighted_score 859.096389075
# candidate_raw_weight_sum 859.096389075
# phase1_kernel exp(-a*|x/scale|^b)
# phase1_a 5.800000
# phase1_b 3.300000
# phase1_scale 20911.000000
# phase1_remaining 1191
# phase1_score_raw 1044.522392152
# phase1_score_mean 0.877012924
2 1
3 2
5 3
7 3
11 7
13 6
17 1
19 11
23 5
29 25
31 21
37 12
41 21
43 12
47 31
53 16
59 4
61 32
67 11
71 57
73 25
79 56
83 68
89 57
97 71
101 13
103 93
107 63
109 54
113 48
127 26
131 88
137 74
139 121
149 118
151 34
157 96
163 19
167 30
173 148
179 111
181 41
191 73
193 7
197 72
199 8
211 46
223 132
227 20
229 193
233 85
239 162
241 110
251 101
257 208
263 64
269 189
271 143
277 5
281 194
283 150
293 223
307 236
311 156
313 116
317 36
331 87
337 310
347 130
349 94
353 22
359 273
367 137
373 35
379 312
383 248
389 152
397 24
401 361
409 241
419 91
421 61
431 342
433 314
439 230
443 359
449 90
457 435
461 383
463 357
467 305
479 149
487 45
491 484
499 161
503 340
509 268
521 124
523 100
541 425
547 347
557 550
563 70
569 117
571 95
577 29
587 440
593 340
599 386
601 366
607 142
613 246
617 293
619 74
631 304
641 289
643 522
647 120
653 469
659 445
661 544
673 416
677 456
683 165
691 157
701 528
709 704
719 624
727 306
